23 24
4 5 22 19 20 15 9 2 1 10 25 24 8 16 7 11 14 6 21
24 9 17 5 12 19 15 23 20
12 15 14 23
8 16 25 15 9 17 21 18 5 13 14 22 7 1 24 10 23 19 6
21 19 13 16
23 6 1 2 12 15 5 20 9 18 21 13 7
12 13 2 14 8 20 9 19 11 5 7 4 1 18
14 17 15 21 4 16 18 3 24 13 6 10 23 1 22 20 5
25 8 23 14 15 4 21 13 12 3 1 16 11 10 2 7 17 19 24 22 9 5 6 18
3 14 6 16 22 23 4 9 15 1 13 10 5 20 11 7 2 12
21 19 9 15 3 14 11 8 5 18 7 1 12 6 10 17 4 23 22 25 16
25 13 15 19 4 9 14 8 11 12 20 23 16 22 7 21 3 6
18 5 7 16 20 22 23 6
23 9 15 18 20 8 3 1 13 12 11 14 16 4 7 6 25 17 5 10
7 25 22 5 12 21 24 15 10 4 20 17 14 18 2 19 8 1
16 1 5 20 2 3 25 23 9 18 17 7 10 21 12 24
22 3 15 5 12 14 8 21 18
9 22
7 15 17 24 2 10 1 20 12 25 9 11 3 18 22 8 23 13 19 16 4
16 23 12 22 15 9 6 1 13 3 11 18 2 10
14 21 19 17
6 19 3 14 1 13
13 16 8 19 7 15 9 25 5
5
8 24 20 11 18 10 5 9 22 16 15 23 17 19 4 25 21
18 10 14 9 12 16 8 2 4 23
4 6 17 3 19 2
24 7 22 1 18 19 9 11 17 8 16 15 13 23 2 5 25 14 6 20
16 22 14 9 3 19 6
22 19 15 4 9 23 14 3 1 7 6 5 18 16
1 18 11 19 24 14 17 21 2 3 15 6 5 12 9 8 23 7 13
24 25 5 18 1 22 4 21 8 23 3 13 17 20 15 14 19 11 10
10 22 19 16 15 11 9 14 24 17 13 1 18 25 2 7 8 5
21 12 1 23 6 14 15 5 2
6 14 2 17 1 4 20 7 11 8 19 3 23 9
18 9 1 13 7 23 4 19 25 3 20
6 8 13 9 17 4 16 20 21 14 2 23 18 25 15 7 1 10 19 5 12 11 22
19 12 13 11
18 10 12 5 23 22 11 25 3 17 1 19 15 21 4 6
1
17 15 8 23 7 5 1 22
18 15 19
13 22 10 20 16 11
19 21 24 15 12 22 17 2 25 8 23 7 13 14 4 16 3 1 11 5 9 18 20
11 3 10 24 12 9 1 19 22 17 18 4 2 14 7 5 20 16 23 8 13 25 15 6
4 22 9 5 12 19 18 15 16 25 13 11 2 1 20 24 23 17 21 14
1 8 22 24 10 25 14 6 16 13 18 15
24 22 18 21 13 7 12 17 23 11 8 10 3 5 4 1 25 14 9
3 1 8 24 16 25 12 20 2 21 18 7 19 11 13 5 6 22 15 4
21 22 25 17 4 15 20 1 19 18 12 13 16 7 11 10 5 24 2 9 23 3 8
4 3 16 17 1 2 25 14 24 18 15 13 6 10 5 11 12 8 22 7 20 23
2 13 15 24 12 25 8 19 1 16 17 5 6 3 4 14
12 8 11 24 25 22 16 15 17 21 4 10 6 23 3
7 18 13 25 10 12 1 17 16 3 14 23 6 4
21 2 8 11 16 3 5 22 9 18 25 10
18 8 22 21 12 3 11 17 1 19 10 24 15 14 20 4 5 23 13 6 25 9 16 7 2
7 13 25 11 17 12 14 18
5 19 6 2 10 16
9 10 6
17 22 4 19 9 14 7 6 25 23 8 16 1
8 14 2 16 21 12 10 23 17 4 15 20 19 1
8 22 17 5 6 1 20 2 3 19 12 14 9 15 25 23 10 4 24
15 4 22 21 6 2 25 10 3 23 17 20 12 14 11 19 8 16
11 9 23 24 19 6 25 13 17 12 18 7 20 1 8 10 3 22 21
15 24 21 5 18 20 13 6 12 9 3 16 19 14 4 22 1 25 7 2
23 5 19 22 7 25 2 9 15 24 12 16 8 6 20 4 11 10 21 14 17 13 1 18 3
11 18 14 2 7 20 5 15 17 12 6 10 21 8 13 1 24 25 9 16
22 14 15 25 5 23 18 12 19 24 7 20 16
14 17
6 4 17 23 15 7 14 3 20 1
25 17 19 5 2 15 18 8 1 7 11 21 20 22
13 12 23 10 1 20 14 24 8 2 15 11 19
17 14 15 3 8 6 11 20 18 13 25 1 21 12 24 10 22 4 16 5 23
2
19 24 14 1 10 16
11 3 10 19 1 9 4 24 22 6 18 20 15 5 14 13 12
9 6 1 8 10 4 25 15 19 14 2 16 7 12 23 22 20 24 13 17
18 16 4 12 17 2 6 22
7 2 13 10 17 12 25 18 14 21 11 20 1 23 19 8 4 22
15 10 24 7 17 16 22 9 14 21 11 8 13 20 19 4 3 25 23 12 18 2
7 14 20 12 13 5 11 15 19 8 17 23 16 4 10 24 25 21 9
4 3 13 20 19 10 2 14 7 5 15 18 6 23 9 11 16 21 17 22
1 2 22 13 15 7 25 11 3 12 6 4 9 5 10 21 20 16 18 14 19 23 24 17 8
20 3 4 12 8 14
13 3 16 14 10 8 22 20 17 4 25 24 15 7 18 21 9 5 2 1 12
7 23 19 20 18 12 13
11 7 23 4 19 17 16 24 13 25 9 6 10
5 12 17 24 8 1 21 20 10 14 13 6 11 4 19 7 18 2 23 9 16
10 6 17 25 5 11
19 10
1 3 7 22 23 14 20 24
17 8 20 7
14 20
21 10 1 25 7 6 12 22 14 9 16 5 18 8 15 23 2 13 24 4
20 8 14 24 17 23 6
15 11 1 17 12 25 23 24 19 10 7 21 14 18 5 13
11 10
5 16
4
9 18 25 21 17
1 13
2 12
8 17
3
7
14 16
2